138 
300 
0 45 10 
0 50 32 
0 57 14 
1 65 214 
2 47 10 
3 53 134 
3 106 50 
3 111 23 
4 6 170 
4 20 92 
4 54 358 
6 4 170 
6 8 101 
6 116 7 
7 6 130 
7 55 96 
8 16 63 
8 113 7 
9 13 79 
10 11 86 
10 14 158 
10 49 197 
10 68 182 
11 10 86 
11 48 158 
11 87 66 
11 93 70 
12 2 230 
12 48 8 
13 9 79 
13 32 147 
13 69 30 
14 10 158 
14 68 96 
14 85 39 
15 35 19 
15 49 10 
16 114 417 
16 117 5 
16 133 84 
17 127 7 
17 128 108 
18 127 54 
19 108 72 
19 110 16 
19 112 100 
20 4 92 
20 23 221 
20 103 258 
20 104 156 
21 104 313 
21 112 15 
22 23 140 
22 66 10 
23 20 221 
23 22 140 
23 103 279 
24 22 53 
24 67 11 
25 26 66 
25 96 86 
25 99 12 
26 25 66 
26 28 25 
26 70 206 
27 70 63 
28 26 25 
28 29 55 
28 70 8 
29 28 55 
29 30 57 
29 120 64 
30 29 57 
30 31 26 
30 120 44 
30 122 24 
31 30 26 
32 13 147 
32 95 7 
32 132 54 
33 90 32 
34 47 114 
34 81 61 
34 82 42 
35 12 23 
35 76 156 
36 82 19 
36 93 43 
36 94 87 
37 38 66 
38 37 66 
38 39 187 
38 77 37 
39 38 187 
39 40 13 
39 42 223 
40 39 13 
40 41 162 
42 0 31 
42 50 40 
43 57 11 
44 51 383 
45 43 14 
45 44 35 
46 44 52 
46 45 30 
47 2 10 
47 34 114 
47 48 233 
48 11 158 
48 12 8 
48 49 44 
49 10 197 
49 15 10 
49 46 207 
50 15 202 
51 5 58 
51 54 14 
52 53 63 
53 3 134 
53 54 54 
54 4 358 
54 51 14 
54 55 219 
55 7 96 
55 56 117 
56 7 69 
56 118 6 
57 40 256 
58 72 51 
58 76 50 
58 88 25 
59 62 96 
60 61 45 
61 60 45 
61 62 132 
61 75 65 
62 39 106 
62 61 132 
63 113 178 
64 124 88 
65 1 214 
65 124 25 
65 129 157 
66 22 10 
66 67 54 
67 24 11 
68 10 182 
68 14 96 
68 95 182 
69 13 30 
69 102 29 
69 136 115 
70 26 206 
70 27 63 
70 28 8 
71 72 13 
72 58 51 
72 71 13 
72 79 35 
73 74 8 
74 73 8 
74 75 110 
74 79 36 
75 61 65 
75 74 110 
75 77 37 
76 35 156 
76 58 50 
76 80 79 
77 38 37 
77 75 37 
77 80 32 
78 79 6 
79 72 35 
79 74 36 
79 78 6 
79 80 68 
80 76 79 
80 77 32 
80 79 68 
81 34 61 
81 89 39 
81 90 27 
82 34 42 
82 36 19 
82 89 57 
83 91 51 
84 87 102 
85 14 39 
86 94 47 
87 11 66 
87 84 102 
87 92 77 
88 58 25 
89 81 39 
89 82 57 
89 91 27 
90 33 32 
90 81 27 
90 91 40 
91 83 51 
91 89 27 
91 90 40 
92 87 77 
92 93 86 
92 94 39 
93 11 70 
93 36 43 
93 92 86 
94 36 87 
94 86 47 
94 92 39 
95 32 7 
95 68 182 
95 132 98 
96 25 86 
97 131 30 
98 131 19 
99 25 12 
99 100 5 
99 136 34 
100 99 5 
100 101 50 
100 131 62 
101 100 50 
102 69 29 
103 20 258 
103 23 279 
103 135 26 
104 20 156 
104 21 313 
105 108 15 
106 3 50 
106 107 17 
106 110 79 
107 106 17 
108 19 72 
108 105 15 
108 109 40 
108 119 65 
109 108 40 
110 19 16 
110 106 79 
110 112 240 
111 3 23 
112 19 100 
112 21 15 
112 110 240 
113 8 7 
113 63 178 
113 116 100 
115 117 417 
116 6 7 
116 118 189 
117 16 5 
117 113 57 
118 43 71 
119 108 65 
120 29 64 
120 30 44 
120 121 25 
121 120 25 
121 122 47 
121 123 73 
122 30 24 
122 121 47 
122 123 28 
123 121 73 
123 122 28 
123 132 25 
124 64 88 
124 65 25 
124 126 144 
125 17 23 
125 126 15 
126 124 144 
126 125 15 
126 133 134 
127 17 7 
127 18 54 
127 129 28 
129 65 157 
129 125 4 
130 127 92 
131 97 30 
131 98 19 
131 100 62 
132 32 54 
132 95 98 
132 123 25 
133 16 84 
133 126 134 
133 134 81 
134 133 81 
135 103 26 
136 69 115 
136 99 34 
136 137 28 
137 136 28 
